0.20616 1400 2800
1.14616 2800 1400
1.33264 1400 2800
1.51912 2800 3500
1.5776 3500 4060
1.7056 4060 4542
1.76408 4542 4973
1.89208 4973 5367
1.95056 5367 5732
2.06752 5732 6073
2.126 6073 6395
2.18448 6395 6701
2.24296 6701 6993
2.4184 6993 7273
2.47688 7273 7542
2.82776 7542 7700
3.11388 7700 1400
3.12016 1400 2800
4.39416 2800 1400
4.63736 1400 2800
7.18536 2800 1400
7.37184 1400 2800
7.55832 2800 3500
7.6168 3500 4060
7.7448 4060 4542
7.80328 4542 4973
7.93128 4973 5367
7.98976 5367 5732
8.04824 5732 6073
8.22368 6073 6395
8.28216 6395 6701
8.34064 6701 6993
8.39912 6993 7273
8.69152 7273 7542
8.75 7542 7801
8.80848 7801 8052
8.86696 8052 8295
8.92544 8295 8531
9.0424 8531 8760
9.10088 8760 8983
9.15936 8983 9201
9.21784 9201 9414
9.27632 9414 9622
9.3348 9622 9825
9.51024 9825 10024
9.56872 10024 10219
9.86112 10219 9100
9.9196 9100 10500
10 10500 0
