2.00904 1400 2800
2.30144 2800 3500
2.35992 3500 4060
2.65232 4060 4542
2.7108 4542 4973
2.94472 4973 5367
3.0032 5367 5732
3.06168 5732 6073
3.17864 6073 6395
3.23712 6395 6701
3.64648 6701 7000
3.83296 7000 5600
3.83296 5600 7000
4.01944 7000 8400
4.07792 8400 9800
4.20592 9800 11200
4.2644 11200 12600
4.3924 12600 14000
4.45088 14000 15400
4.57888 15400 16800
4.69584 16800 2800
4.69584 2800 3500
5.61884 3500 1400
5.80532 1400 2800
7.65132 2800 1400
7.86176 1400 2800
8.10672 2800 4200
8.1652 4200 5600
8.4576 5600 5950
8.98392 5950 7000
9.2536 7000 1400
9.39328 1400 2800
9.45176 2800 4200
10 4200 0
